RANK	MIN_DETECTABLE_RR	SOURCE_ID	DRUG_CONCEPT_ID	CONDITION_CONCEPT_ID	GROUND_TRUTH	LOGRR	LOGLB95RR	Pr foo
1	1.11	29	1782521	500000301	1	0.70055	0.6132939	0r foo
2	1.02	29	924724	500000301	0	0.118913	0.1004283	0r foo
3	1.01	29	1308216	500000301	1	0.0778818	0.06226129	0r foo
4	1.01	29	1797513	500000301	1	0.0740752	0.06400823	0r foo
5	1.01	29	1115008	500000301	1	0.0693546	0.0582962	0r foo
6	1.04	29	1305058	500000301	1	0.186323	0.1401987	1.22E-15r foo
7	1.01	29	1177480	500000301	1	0.0445004	0.03334298	2.66E-15r foo
8	1.02	29	920293	500000301	1	0.0627556	0.04593753	1.30E-13r foo
9	1.09	29	722424	500000301	1	0.455638	0.3325116	2.04E-13r foo
10	1.02	29	1741309	500000301	1	0.0955607	0.06623185	8.51E-1111	1.05	29	987245	500000301	0	0.0945681	0.06296467	2.25E-09r foo
12	1.2	29	1714277	500000301	1	0.28139	0.1721145	2.24E-07r foo
13	1.02	29	1195492	500000301	1	0.0614033	0.03583471	1.26E-06r foo
14	1.03	29	1036228	500000301	0	0.0545787	0.03151949	1.75E-06r foo
15	1.01	29	1136980	500000301	1	0.0291037	0.01446842	4.86E-05r foo
16	1.01	29	1149380	500000301	0	0.0293887	0.01426116	7.01E-05r foo
17	1.1	29	1305447	500000301	1	0.211651	0.0883864	0.000382235r foo
18	1.01	29	1742253	500000301	1	0.0180381	0.007082621	0.000625338r foo
19	1.04	29	1580747	500000301	0	0.053035	0.01461645	0.003408664r foo
20	1.02	29	1167322	500000301	1	0.0409101	0.006811196	0.009349866r foo
21	1.04	29	745466	500000301	1	0.0453853	0.0043576	0.01507424r foo
22	1.14	29	1736971	500000301	1	0.16861	0.00854366	0.01948145r foo
23	1.03	29	1309204	500000301	0	0.0256952	0.001104256	0.02028117r foo
24	1.12	29	1710612	500000301	1	0.128082	0.003285272	0.02213317r foo
25	1.05	29	1436678	500000301	1	0.068999	0.000376852	0.02437753r foo
26	1.03	29	1146810	500000301	1	0.0353845	-0.000438616	0.02643591r foo
27	1.2	29	1304107	500000301	1	0.14607	-0.002552684	0.02703344r foo
28	1.02	29	923672	500000301	0	0.0171008	-0.001971901	0.03943114r foo
29	1.14	29	1702559	500000301	0	0.109278	-0.0208564	0.04989792r foo
30	1.06	29	1716721	500000301	1	0.0321779	-0.01481918	0.089806831	1.21	29	1724869	500000301	1	0.117258	-0.06551337	0.104299732	1.06	29	1703653	500000301	1	0.0404495	-0.02705898	0.120124533	1.07	29	1103552	500000301	0	0.0484994	-0.0371969	0.13366534	1.04	29	1118045	500000301	1	0.0217525	-0.01681462	0.134481835	1.08	29	937368	500000301	1	0.0432946	-0.03707363	0.14552136	1.05	29	740275	500000301	1	0.0250256	-0.03273286	0.197881237	1.08	29	714684	500000301	1	0.0522695	-0.06876364	0.198655938	1.01	29	1136601	500000301	0	0.00683782	-0.009817202	0.210503639	1.01	29	1754994	500000301	1	0.00550619	-0.009922028	0.242121940	1.03	29	1331235	500000301	1	0.0135452	-0.03584249	0.295445641	1.04	29	1236607	500000301	1	0.011493	-0.03289159	0.305896642	1.02	29	1178663	500000301	1	0.00510292	-0.02071812	0.34925243	1.07	29	986117	500000301	0	0.0147141	-0.06037173	0.350458944	1.06	29	1763779	500000301	0	0.012923	-0.05464819	0.353888545	1.2	29	1769389	500000301	1	0.0338279	-0.149762	0.358997846	1.06	29	929435	500000301	1	0.00662187	-0.0653409	0.428438147	1.08	29	1111706	500000301	1	0.00818384	-0.1328605	0.454728648	1.01	29	1729720	500000301	0	0.000266397	-0.01516161	0.486501249	1.17	29	1102917	500000301	1	0.000558962	-0.1211592	0.496409350	1.21	29	1781406	500000301	1	-0.00247713	-0.1852597	0.510595551	1.11	29	1554072	500000301	1	-0.00464307	-0.12997	0.528942652	1.06	29	1340128	500000301	1	-0.00387909	-0.08460286	0.537518453	1.09	29	1145379	500000301	0	-0.00592229	-0.1233337	0.539375954	1.03	29	1318853	500000301	1	-0.00305642	-0.04681009	0.554450555	1.11	29	1738135	500000301	1	-0.0135468	-0.1473983	0.578619656	1.01	29	1137529	500000301	0	-0.00489477	-0.02739224	0.665102457	1.15	29	907879	500000301	0	-0.0485182	-0.1823529	0.761313158	1.03	29	918906	500000301	0	-0.0131018	-0.04836671	0.766747159	1.05	29	1342439	500000301	1	-0.0247681	-0.08974896	0.772486360	1.06	29	904356	500000301	0	-0.0522699	-0.1603376	0.828432761	1.11	29	954853	500000301	0	-0.0530951	-0.1547715	0.846961362	1.12	29	990499	500000301	0	-0.0694391	-0.190739	0.869068263	1.08	29	1336825	500000301	1	-0.0570028	-0.1558627	0.87078764	1.18	29	1836503	500000301	1	-0.128666	-0.3492228	0.8735665	1.12	29	1037005	500000301	0	-0.0515914	-0.1217353	0.925288166	1.07	29	1504620	500000301	1	-0.0663349	-0.1512664	0.937091867	1.03	29	923081	500000301	1	-0.0239042	-0.05391454	0.940758668	1.17	29	1721543	500000301	1	-0.0904622	-0.1942973	0.956139169	1.11	29	739323	500000301	0	-0.0753787	-0.1608333	0.958083470	1.05	29	735340	500000301	0	-0.0496002	-0.1044739	0.9617771	1.02	29	1328165	500000301	1	-0.0288102	-0.05703636	0.977277972	1.06	29	1310756	500000301	1	-0.101686	-0.1984457	0.980288873	1.05	29	917006	500000301	0	-0.0913093	-0.1683034	0.989947274	1.06	29	1763204	500000301	1	-0.0669541	-0.1217206	0.991715475	1.09	29	751347	500000301	0	-0.112514	-0.2040893	0.991982376	1.02	29	1789276	500000301	0	-0.035139	-0.05813587	0.998626977	1.03	29	721724	500000301	1	-0.0518753	-0.0857098	0.998672278	1.03	29	19010482	500000301	1	-0.0589649	-0.0963029	0.999016679	1.02	29	1334456	500000301	1	-0.0552149	-0.08758862	0.999585380	1.08	29	990760	500000301	0	-0.0250136	-0.03956099	0.999624381	1.09	29	1314924	500000301	1	-0.114941	-0.1768294	0.999863782	1.08	29	1333357	500000301	1	-0.253134	-0.3843542	0.999921983	1.08	29	919204	500000301	0	-0.0934049	-0.1418185	0.99992284	1.16	29	19008009	500000301	0	-0.184049	-0.2793173	0.999923685	1.02	29	1746940	500000301	1	-0.0375845	-0.05685718	0.999933986	1.11	29	735850	500000301	1	-0.177576	-0.260091	0.999987787	1.02	29	965748	500000301	0	-0.0586052	-0.08449563	0.999995488	1.07	29	741530	500000301	1	-0.144876	-0.2081536	0.999996489	1.01	29	1118084	500000301	1	-0.0436884	-0.06225377	0.99999890	1.04	29	705103	500000301	1	-0.108223	-0.1526972	0.99999991	1.06	29	717136	500000301	0	-0.131746	-0.1849851	0.999999492	1.02	29	1517824	500000301	1	-0.12877	-0.1527283	193	1.02	29	1525215	500000301	1	-0.211362	-0.2380613	194	1.09	29	1704183	500000301	1	-0.262805	-0.3417534	195	1.08	29	931973	500000301	0	-0.0469524	-0.05766621	1r foo
